{
 "cells": [
  {
   "cell_type": "markdown",
   "metadata": {},
   "source": [
    "# TP : Introduction : Python, Numpy, Pandas"
   ]
  },
  {
   "cell_type": "markdown",
   "metadata": {},
   "source": [
    "## Imports"
   ]
  },
  {
   "cell_type": "code",
   "execution_count": 2,
   "metadata": {},
   "outputs": [],
   "source": [
    "import math\n",
    "import numpy as np\n",
    "from sklearn import linear_model\n",
    "from os import mkdir"
   ]
  },
  {
   "cell_type": "markdown",
   "metadata": {},
   "source": [
    "## Help"
   ]
  },
  {
   "cell_type": "code",
   "execution_count": 7,
   "metadata": {},
   "outputs": [
    {
     "name": "stdout",
     "output_type": "stream",
     "text": [
      "Help on built-in function mkdir in module posix:\n",
      "\n",
      "mkdir(path, mode=511, *, dir_fd=None)\n",
      "    Create a directory.\n",
      "    \n",
      "    If dir_fd is not None, it should be a file descriptor open to a directory,\n",
      "      and path should be relative; path will then be relative to that directory.\n",
      "    dir_fd may not be implemented on your platform.\n",
      "      If it is unavailable, using it will raise a NotImplementedError.\n",
      "    \n",
      "    The mode argument is ignored on Windows.\n",
      "\n"
     ]
    }
   ],
   "source": [
    "help(mkdir)"
   ]
  },
  {
   "cell_type": "code",
   "execution_count": 8,
   "metadata": {},
   "outputs": [],
   "source": [
    "linear_model.LinearRegression?"
   ]
  },
  {
   "cell_type": "markdown",
   "metadata": {},
   "source": [
    "## Version de Package, localisation des fonctions"
   ]
  },
  {
   "cell_type": "code",
   "execution_count": 9,
   "metadata": {},
   "outputs": [
    {
     "name": "stdout",
     "output_type": "stream",
     "text": [
      "1.15.2\n"
     ]
    }
   ],
   "source": [
    "print(np.__version__)"
   ]
  },
  {
   "cell_type": "code",
   "execution_count": 10,
   "metadata": {},
   "outputs": [
    {
     "data": {
      "text/plain": [
       "(['class LinearRegression(LinearModel, RegressorMixin):\\n',\n",
       "  '    \"\"\"\\n',\n",
       "  '    Ordinary least squares Linear Regression.\\n',\n",
       "  '\\n',\n",
       "  '    Parameters\\n',\n",
       "  '    ----------\\n',\n",
       "  '    fit_intercept : boolean, optional, default True\\n',\n",
       "  '        whether to calculate the intercept for this model. If set\\n',\n",
       "  '        to False, no intercept will be used in calculations\\n',\n",
       "  '        (e.g. data is expected to be already centered).\\n',\n",
       "  '\\n',\n",
       "  '    normalize : boolean, optional, default False\\n',\n",
       "  '        This parameter is ignored when ``fit_intercept`` is set to False.\\n',\n",
       "  '        If True, the regressors X will be normalized before regression by\\n',\n",
       "  '        subtracting the mean and dividing by the l2-norm.\\n',\n",
       "  '        If you wish to standardize, please use\\n',\n",
       "  '        :class:`sklearn.preprocessing.StandardScaler` before calling ``fit`` on\\n',\n",
       "  '        an estimator with ``normalize=False``.\\n',\n",
       "  '\\n',\n",
       "  '    copy_X : boolean, optional, default True\\n',\n",
       "  '        If True, X will be copied; else, it may be overwritten.\\n',\n",
       "  '\\n',\n",
       "  '    n_jobs : int, optional, default 1\\n',\n",
       "  '        The number of jobs to use for the computation.\\n',\n",
       "  '        If -1 all CPUs are used. This will only provide speedup for\\n',\n",
       "  '        n_targets > 1 and sufficient large problems.\\n',\n",
       "  '\\n',\n",
       "  '    Attributes\\n',\n",
       "  '    ----------\\n',\n",
       "  '    coef_ : array, shape (n_features, ) or (n_targets, n_features)\\n',\n",
       "  '        Estimated coefficients for the linear regression problem.\\n',\n",
       "  '        If multiple targets are passed during the fit (y 2D), this\\n',\n",
       "  '        is a 2D array of shape (n_targets, n_features), while if only\\n',\n",
       "  '        one target is passed, this is a 1D array of length n_features.\\n',\n",
       "  '\\n',\n",
       "  '    intercept_ : array\\n',\n",
       "  '        Independent term in the linear model.\\n',\n",
       "  '\\n',\n",
       "  '    Notes\\n',\n",
       "  '    -----\\n',\n",
       "  '    From the implementation point of view, this is just plain Ordinary\\n',\n",
       "  '    Least Squares (scipy.linalg.lstsq) wrapped as a predictor object.\\n',\n",
       "  '\\n',\n",
       "  '    \"\"\"\\n',\n",
       "  '\\n',\n",
       "  '    def __init__(self, fit_intercept=True, normalize=False, copy_X=True,\\n',\n",
       "  '                 n_jobs=1):\\n',\n",
       "  '        self.fit_intercept = fit_intercept\\n',\n",
       "  '        self.normalize = normalize\\n',\n",
       "  '        self.copy_X = copy_X\\n',\n",
       "  '        self.n_jobs = n_jobs\\n',\n",
       "  '\\n',\n",
       "  '    def fit(self, X, y, sample_weight=None):\\n',\n",
       "  '        \"\"\"\\n',\n",
       "  '        Fit linear model.\\n',\n",
       "  '\\n',\n",
       "  '        Parameters\\n',\n",
       "  '        ----------\\n',\n",
       "  '        X : numpy array or sparse matrix of shape [n_samples,n_features]\\n',\n",
       "  '            Training data\\n',\n",
       "  '\\n',\n",
       "  '        y : numpy array of shape [n_samples, n_targets]\\n',\n",
       "  \"            Target values. Will be cast to X's dtype if necessary\\n\",\n",
       "  '\\n',\n",
       "  '        sample_weight : numpy array of shape [n_samples]\\n',\n",
       "  '            Individual weights for each sample\\n',\n",
       "  '\\n',\n",
       "  '            .. versionadded:: 0.17\\n',\n",
       "  '               parameter *sample_weight* support to LinearRegression.\\n',\n",
       "  '\\n',\n",
       "  '        Returns\\n',\n",
       "  '        -------\\n',\n",
       "  '        self : returns an instance of self.\\n',\n",
       "  '        \"\"\"\\n',\n",
       "  '\\n',\n",
       "  '        n_jobs_ = self.n_jobs\\n',\n",
       "  \"        X, y = check_X_y(X, y, accept_sparse=['csr', 'csc', 'coo'],\\n\",\n",
       "  '                         y_numeric=True, multi_output=True)\\n',\n",
       "  '\\n',\n",
       "  '        if sample_weight is not None and np.atleast_1d(sample_weight).ndim > 1:\\n',\n",
       "  '            raise ValueError(\"Sample weights must be 1D array or scalar\")\\n',\n",
       "  '\\n',\n",
       "  '        X, y, X_offset, y_offset, X_scale = self._preprocess_data(\\n',\n",
       "  '            X, y, fit_intercept=self.fit_intercept, normalize=self.normalize,\\n',\n",
       "  '            copy=self.copy_X, sample_weight=sample_weight)\\n',\n",
       "  '\\n',\n",
       "  '        if sample_weight is not None:\\n',\n",
       "  '            # Sample weight can be implemented via a simple rescaling.\\n',\n",
       "  '            X, y = _rescale_data(X, y, sample_weight)\\n',\n",
       "  '\\n',\n",
       "  '        if sp.issparse(X):\\n',\n",
       "  '            if y.ndim < 2:\\n',\n",
       "  '                out = sparse_lsqr(X, y)\\n',\n",
       "  '                self.coef_ = out[0]\\n',\n",
       "  '                self._residues = out[3]\\n',\n",
       "  '            else:\\n',\n",
       "  '                # sparse_lstsq cannot handle y with shape (M, K)\\n',\n",
       "  '                outs = Parallel(n_jobs=n_jobs_)(\\n',\n",
       "  '                    delayed(sparse_lsqr)(X, y[:, j].ravel())\\n',\n",
       "  '                    for j in range(y.shape[1]))\\n',\n",
       "  '                self.coef_ = np.vstack(out[0] for out in outs)\\n',\n",
       "  '                self._residues = np.vstack(out[3] for out in outs)\\n',\n",
       "  '        else:\\n',\n",
       "  '            self.coef_, self._residues, self.rank_, self.singular_ = \\\\\\n',\n",
       "  '                linalg.lstsq(X, y)\\n',\n",
       "  '            self.coef_ = self.coef_.T\\n',\n",
       "  '\\n',\n",
       "  '        if y.ndim == 1:\\n',\n",
       "  '            self.coef_ = np.ravel(self.coef_)\\n',\n",
       "  '        self._set_intercept(X_offset, y_offset, X_scale)\\n',\n",
       "  '        return self\\n'],\n",
       " 405)"
      ]
     },
     "execution_count": 10,
     "metadata": {},
     "output_type": "execute_result"
    }
   ],
   "source": [
    "from inspect import getsourcelines\n",
    "getsourcelines(linear_model.LinearRegression)"
   ]
  },
  {
   "cell_type": "markdown",
   "metadata": {},
   "source": [
    "## Introduction à Python, Numpy, Scipy"
   ]
  },
  {
   "cell_type": "markdown",
   "metadata": {},
   "source": [
    "##### 1) Écrire une fonction nextpower qui calcule la première puissance de 2 supérieure ou égale à un nombre n (on veillera à ce que le type de sortie soit un int, tester cela avec type par exemple)."
   ]
  },
  {
   "cell_type": "code",
   "execution_count": 22,
   "metadata": {},
   "outputs": [
    {
     "data": {
      "text/plain": [
       "2"
      ]
     },
     "execution_count": 22,
     "metadata": {},
     "output_type": "execute_result"
    }
   ],
   "source": [
    "def nextpower(x) :\n",
    "    i = 0\n",
    "    while i < x :\n",
    "        if (2 ** i >= x) :\n",
    "            return i\n",
    "        i = i + 1\n",
    "\n",
    "\n",
    "nextpower(4)"
   ]
  },
  {
   "cell_type": "markdown",
   "metadata": {},
   "source": [
    "##### 2) En partant du mot contenant toutes les lettres de l’alphabet, générer par une opération de slicing la chaîne de caractère cfilorux et, de deux façons différentes, la chaîne de caractère vxz."
   ]
  },
  {
   "cell_type": "code",
   "execution_count": 29,
   "metadata": {},
   "outputs": [
    {
     "name": "stdout",
     "output_type": "stream",
     "text": [
      "cfilorux\n"
     ]
    }
   ],
   "source": [
    "mot = 'abcdefghijklmnopqrstuvwxyz'\n",
    "print(mot[2]+mot[5]+mot[8]+mot[11]+mot[14]+mot[17]+mot[20]+mot[23])"
   ]
  },
  {
   "cell_type": "markdown",
   "metadata": {},
   "source": [
    "###### Ou on peut le réaliser à travers une fonction"
   ]
  },
  {
   "cell_type": "code",
   "execution_count": 40,
   "metadata": {},
   "outputs": [
    {
     "name": "stdout",
     "output_type": "stream",
     "text": [
      "c\n",
      "f\n",
      "i\n",
      "l\n",
      "o\n",
      "r\n",
      "u\n",
      "x\n"
     ]
    }
   ],
   "source": [
    "def slicing(mot) :\n",
    "    i = 2\n",
    "    while i <= len(mot) -2 :\n",
    "        print(mot[i])\n",
    "        i = i + 3\n",
    "\n",
    "alphabet = 'abcdefghijklmnopqrstuvwxyz'\n",
    "slicing(alphabet)"
   ]
  },
  {
   "cell_type": "markdown",
   "metadata": {},
   "source": [
    "###### On peut retourner la chaîne 'vxz' de cette manière"
   ]
  },
  {
   "cell_type": "code",
   "execution_count": 41,
   "metadata": {},
   "outputs": [
    {
     "name": "stdout",
     "output_type": "stream",
     "text": [
      "vxz\n"
     ]
    }
   ],
   "source": [
    "print(mot[21]+mot[23]+mot[25])"
   ]
  },
  {
   "cell_type": "markdown",
   "metadata": {},
   "source": [
    "###### Ou en modifiant notre fonction"
   ]
  },
  {
   "cell_type": "code",
   "execution_count": 42,
   "metadata": {},
   "outputs": [
    {
     "name": "stdout",
     "output_type": "stream",
     "text": [
      "v\n",
      "x\n",
      "z\n"
     ]
    }
   ],
   "source": [
    "def slicing(mot, start, step) :\n",
    "    i = start\n",
    "    while i <= len(mot) - (step -1) :\n",
    "        print(mot[i])\n",
    "        i = i + step\n",
    "\n",
    "alphabet = 'abcdefghijklmnopqrstuvwxyz'\n",
    "slicing(alphabet, 21, 2)"
   ]
  },
  {
   "cell_type": "markdown",
   "metadata": {},
   "source": [
    "##### 3) Afficher le nombre π avec 9 décimales après la virgule."
   ]
  },
  {
   "cell_type": "code",
   "execution_count": 51,
   "metadata": {},
   "outputs": [
    {
     "name": "stdout",
     "output_type": "stream",
     "text": [
      "3.141592654\n"
     ]
    }
   ],
   "source": [
    "print(round(math.pi,9))"
   ]
  },
  {
   "cell_type": "markdown",
   "metadata": {},
   "source": [
    "##### 4) Compter le nombre d’occurrences de chaque caractère dans la chaîne de caractères s=\"HelLo WorLd!!\". On renverra un dictionnaire qui à chaque lettre associe son nombre d’occurrences."
   ]
  },
  {
   "cell_type": "code",
   "execution_count": 60,
   "metadata": {},
   "outputs": [
    {
     "name": "stdout",
     "output_type": "stream",
     "text": [
      "{'W': 1, 'e': 1, 'H': 1, 'o': 2, 'r': 1, 'd': 1, 'L': 2, '!': 2, ' ': 1, 'l': 1}\n"
     ]
    }
   ],
   "source": [
    "def occurence(s) :\n",
    "    dico = {}.fromkeys(set(s),0)\n",
    "    for valeur in s :\n",
    "        dico[valeur] = dico[valeur] + 1\n",
    "    print(dico)\n",
    "\n",
    "occurence(\"HelLo WorLd!!\")"
   ]
  },
  {
   "cell_type": "markdown",
   "metadata": {},
   "source": [
    "##### 5) Écrire une fonction de codage par inversion de lettres : chaque lettre d’un mot est remplacée par une (et une seule) autre. On se servira de la fonction shuffle sur la chaîne de caractères contenant tout l’alphabet pour associer les lettres codées."
   ]
  },
  {
   "cell_type": "code",
   "execution_count": 152,
   "metadata": {},
   "outputs": [
    {
     "ename": "TypeError",
     "evalue": "'NoneType' object is not subscriptable",
     "output_type": "error",
     "traceback": [
      "\u001b[0;31m---------------------------------------------------------------------------\u001b[0m",
      "\u001b[0;31mTypeError\u001b[0m                                 Traceback (most recent call last)",
      "\u001b[0;32m<ipython-input-152-f034501ea12c>\u001b[0m in \u001b[0;36m<module>\u001b[0;34m()\u001b[0m\n\u001b[1;32m     21\u001b[0m \u001b[0;34m\u001b[0m\u001b[0m\n\u001b[1;32m     22\u001b[0m \u001b[0;34m\u001b[0m\u001b[0m\n\u001b[0;32m---> 23\u001b[0;31m \u001b[0mcesar\u001b[0m\u001b[0;34m(\u001b[0m\u001b[0;34m\"moto\"\u001b[0m\u001b[0;34m)\u001b[0m\u001b[0;34m\u001b[0m\u001b[0m\n\u001b[0m",
      "\u001b[0;32m<ipython-input-152-f034501ea12c>\u001b[0m in \u001b[0;36mcesar\u001b[0;34m(s)\u001b[0m\n\u001b[1;32m     16\u001b[0m         \u001b[0mindex2\u001b[0m\u001b[0;34m.\u001b[0m\u001b[0mappend\u001b[0m\u001b[0;34m(\u001b[0m\u001b[0mliste\u001b[0m\u001b[0;34m.\u001b[0m\u001b[0mindex\u001b[0m\u001b[0;34m(\u001b[0m\u001b[0mx\u001b[0m\u001b[0;34m)\u001b[0m\u001b[0;34m)\u001b[0m\u001b[0;34m\u001b[0m\u001b[0m\n\u001b[1;32m     17\u001b[0m         \u001b[0;31m#on ajoute pour chaque index le shuffle correspondant\u001b[0m\u001b[0;34m\u001b[0m\u001b[0;34m\u001b[0m\u001b[0m\n\u001b[0;32m---> 18\u001b[0;31m         \u001b[0mvalue\u001b[0m\u001b[0;34m.\u001b[0m\u001b[0mappend\u001b[0m\u001b[0;34m(\u001b[0m\u001b[0mshuffle\u001b[0m\u001b[0;34m[\u001b[0m\u001b[0mx\u001b[0m\u001b[0;34m]\u001b[0m\u001b[0;34m)\u001b[0m\u001b[0;34m\u001b[0m\u001b[0m\n\u001b[0m\u001b[1;32m     19\u001b[0m \u001b[0;34m\u001b[0m\u001b[0m\n\u001b[1;32m     20\u001b[0m     \u001b[0;31m#Regrouper l'affichage en un mot\u001b[0m\u001b[0;34m\u001b[0m\u001b[0;34m\u001b[0m\u001b[0m\n",
      "\u001b[0;31mTypeError\u001b[0m: 'NoneType' object is not subscriptable"
     ]
    }
   ],
   "source": [
    "import random\n",
    "\n",
    "def cesar(s) :\n",
    "    #Alphabet\n",
    "    mot = 'abcdefghijklmnopqrstuvwxyz'\n",
    "    #Transformé en liste\n",
    "    liste = list(mot)\n",
    "    #Et shufflé\n",
    "    shuffle = random.shuffle(l)\n",
    "    \n",
    "    #Crée deux listes vides\n",
    "    value = list()\n",
    "    index2 = list()\n",
    "    \n",
    "    #Récupérer l'index de chaque lettre du mot dans l'alphabet\n",
    "    for x in list(s) :\n",
    "        #Retourne l'index dans l'alphabet de chaque lettre du mot\n",
    "        index2.append(liste.index(x))\n",
    "        #on ajoute pour chaque index le shuffle correspondant\n",
    "        value.append(shuffle[x])\n",
    "\n",
    "    #Regrouper l'affichage en un mot\n",
    "    print(value)\n",
    "\n",
    "cesar(\"moto\")"
   ]
  },
  {
   "cell_type": "markdown",
   "metadata": {},
   "source": [
    "##### 6) Calculer 2 * Somme (k=1 à l'infini) (4k^2) / (4k^2 -1)"
   ]
  },
  {
   "cell_type": "code",
   "execution_count": 230,
   "metadata": {},
   "outputs": [
    {
     "data": {
      "text/plain": [
       "(3.1415916718428796, 'Time :', 0.7105063360068016, 'secondes')"
      ]
     },
     "execution_count": 230,
     "metadata": {},
     "output_type": "execute_result"
    }
   ],
   "source": [
    "import timeit\n",
    "\n",
    "def f(k) :\n",
    "    return (4*(k**2)/(4*(k**2) -1))\n",
    "\n",
    "def produit(n) :\n",
    "    k = 1\n",
    "    s = f(k)\n",
    "    #start = timeit.default_timer()\n",
    "    while k < n :\n",
    "        p = s\n",
    "        k += 1\n",
    "        s = s*f(k)\n",
    "        #stop = timeit.default_timer()\n",
    "    return 2*s, 'Time :', stop-start, 'secondes'\n",
    "\n",
    "produit(800000)"
   ]
  },
  {
   "cell_type": "code",
   "execution_count": 216,
   "metadata": {},
   "outputs": [
    {
     "name": "stdout",
     "output_type": "stream",
     "text": [
      "3.1415916718416526 Time : 0.7105063360068016 secondes\n"
     ]
    }
   ],
   "source": [
    "import pandas as pd\n",
    "from functools import reduce \n",
    "\n",
    "start = timeit.default_timer()\n",
    "\n",
    "#List compregension\n",
    "series = pd.Series(range(1,800000)).apply(lambda x : 4*(x**2)/(4*(x**2) -1))\n",
    "\n",
    "stop = timeit.default_timer()\n",
    "\n",
    "print(2*np.prod(series), 'Time :', stop-start, 'secondes')\n",
    "\n"
   ]
  },
  {
   "cell_type": "code",
   "execution_count": 229,
   "metadata": {},
   "outputs": [],
   "source": [
    "def foo(n):\n",
    "    arr = np.arange(1, n)\n",
    "    res = 4 * arr ** 2 / (4 * arr ** 2 - 1)\n",
    "    return 2 * np.prod(res)"
   ]
  },
  {
   "cell_type": "code",
   "execution_count": 228,
   "metadata": {},
   "outputs": [
    {
     "name": "stdout",
     "output_type": "stream",
     "text": [
      "7.91 ms ± 41.6 µs per loop (mean ± std. dev. of 7 runs, 100 loops each)\n"
     ]
    }
   ],
   "source": [
    "%timeit foo(800000)"
   ]
  },
  {
   "cell_type": "code",
   "execution_count": 231,
   "metadata": {},
   "outputs": [
    {
     "name": "stdout",
     "output_type": "stream",
     "text": [
      "8.28 ns ± 0.34 ns per loop (mean ± std. dev. of 7 runs, 100000000 loops each)\n"
     ]
    }
   ],
   "source": [
    "%timeit (800000)"
   ]
  },
  {
   "cell_type": "code",
   "execution_count": null,
   "metadata": {},
   "outputs": [],
   "source": [
    "#Le temps d'exécution global est comparable, même si légèrement plus élevé pour la deuxième solution"
   ]
  },
  {
   "cell_type": "markdown",
   "metadata": {},
   "source": [
    "##### 7) Créer une fonction quicksort qui trie une liste, en remplissant les éléments manquants dans le code suivant. On testera que la fonction est correcte sur l’exemple quicksort([-2, 3, 5, 1, 3]) :"
   ]
  },
  {
   "cell_type": "code",
   "execution_count": 1,
   "metadata": {},
   "outputs": [
    {
     "data": {
      "text/plain": [
       "[1, 2, 3, 3, 1, 2, 5, 7, 8]"
      ]
     },
     "execution_count": 1,
     "metadata": {},
     "output_type": "execute_result"
    }
   ],
   "source": [
    "def quicksort(ll):\n",
    "    \"\"\" a sorting algorithm with a pivot value\"\"\"\n",
    "    if len(ll) <= 1:\n",
    "        return ll\n",
    "    else:\n",
    "        pivot = ll[-1] # pivot = last element of the list ll. \n",
    "        a = ll.pop()\n",
    "        less = [] \n",
    "        greater = []\n",
    "        for x in ll:\n",
    "            if x <= pivot:\n",
    "                less.append(x) # append 'x' to 'less'\n",
    "            else:\n",
    "                greater.append(x) # append 'x' to 'greater'\n",
    "    return less + [pivot] + greater\n",
    "\n",
    "quicksort([1,2,3,7,8,3,1,2,5])"
   ]
  },
  {
   "cell_type": "markdown",
   "metadata": {},
   "source": [
    "##### 8) Sans utiliser de boucles for / while : créer une matrice M 5*6 aléatoire à coefficients uniformes dans [-1,1], puis remplacer une colonne sur deux par sa valeur moins le double de la colonne suivante. Remplacer enfin les valeurs négatives par 0 en utilisant un masque binaire."
   ]
  },
  {
   "cell_type": "code",
   "execution_count": 34,
   "metadata": {},
   "outputs": [
    {
     "name": "stdout",
     "output_type": "stream",
     "text": [
      "[[-0.02102115  0.05941251  0.14154924  0.16082637  0.83565587  0.71794218]\n",
      " [ 0.79905366 -0.12663962  0.96398145  0.6571805  -0.82015509 -0.41668485]\n",
      " [ 0.52510322 -0.35131305  0.883636   -0.77866764  0.69616679 -0.25259815]\n",
      " [-0.15784525 -0.93528663  0.51071465  0.85786751  0.10510475  0.97431605]\n",
      " [ 0.20608378  0.42964826  0.82541801  0.22074989 -0.29743418 -0.40587696]]\n"
     ]
    }
   ],
   "source": [
    "import numpy as np\n",
    "matrix = np.random.uniform(-1,1, (5,6))\n",
    "print(matrix)"
   ]
  },
  {
   "cell_type": "code",
   "execution_count": 35,
   "metadata": {},
   "outputs": [
    {
     "name": "stdout",
     "output_type": "stream",
     "text": [
      "[[-0.13984618  0.         -0.1801035   0.         -0.6002285   0.        ]\n",
      " [ 0.         -0.12663962 -0.35037956  0.          0.         -0.41668485]\n",
      " [ 0.         -0.35131305  0.         -0.77866764  0.         -0.25259815]\n",
      " [ 0.         -0.93528663 -1.20502037  0.         -1.84352735  0.        ]\n",
      " [-0.65321274  0.          0.          0.          0.         -0.40587696]]\n"
     ]
    }
   ],
   "source": [
    "m_sol = matrix.copy()\n",
    "m_sol[:,0] = m_sol[:,0] - 2*m_sol[:,1]\n",
    "m_sol[:,2] = m_sol[:,2] - 2*m_sol[:,3]\n",
    "m_sol[:,4] = m_sol[:,4] - 2*m_sol[:,5]\n",
    "m_sol[m_sol>=0] = 0\n",
    "print(m_sol)"
   ]
  },
  {
   "cell_type": "code",
   "execution_count": 36,
   "metadata": {},
   "outputs": [
    {
     "name": "stdout",
     "output_type": "stream",
     "text": [
      "[[ 2.14538145  0.32788235  0.95299158  0.30970177 -1.19969991  0.49405284\n",
      "   0.99534781 -0.80376331 -0.72832798 -0.36103137 -0.46694152 -0.0370903\n",
      "  -0.07632494 -0.24745505 -0.65640326 -1.3850298   0.29348919 -1.75082471\n",
      "  -1.54175925  1.48783166]\n",
      " [ 0.32788235  0.70785653  0.62971093  1.09150328  0.31924651 -0.01118129\n",
      "  -0.22938511 -0.15231054 -0.13105484  0.39476067  0.46108835 -0.00672319\n",
      "  -0.48783475  0.35302148 -0.10978286 -0.86429799  0.35344723 -0.04694636\n",
      "  -0.33689617  0.30910206]\n",
      " [ 0.95299158  0.62971093  1.35877071  0.82259303  0.18292999 -0.44656517\n",
      "   0.92031732  0.13718419 -0.29644186  0.6090136  -0.30187807  0.48729908\n",
      "   0.05440945  0.20242778 -1.09517267 -0.99416321 -0.14692586 -0.75053261\n",
      "  -0.50240766  1.12090639]\n",
      " [ 0.30970177  1.09150328  0.82259303  1.90117166  0.63717532 -0.20813471\n",
      "  -0.64539982  0.10753838 -0.42979829  0.93722119  0.95901228  0.38105265\n",
      "  -0.67574735  0.66590281  0.35808405 -1.53358022  0.65119927 -0.04220908\n",
      "  -0.56534216  0.24958902]\n",
      " [-1.19969991  0.31924651  0.18292999  0.63717532  1.36844497 -0.94727681\n",
      "  -0.70438868  0.84734585  0.6177856   0.96034344  0.60319084  0.46815757\n",
      "  -0.18651699  0.21931931 -0.25025892  0.22574026 -0.06426486  1.07972587\n",
      "   0.68556602 -0.71976689]\n",
      " [ 0.49405284 -0.01118129 -0.44656517 -0.20813471 -0.94727681  1.36200474\n",
      "   0.13959989 -1.13399284 -0.43832965 -1.09045574 -0.17784283 -1.08334347\n",
      "  -0.24912419  0.27334948  0.74052086  0.03974967  0.20084766 -0.22617754\n",
      "  -0.03085295  0.30801086]\n",
      " [ 0.99534781 -0.22938511  0.92031732 -0.64539982 -0.70438868  0.13959989\n",
      "   2.64950801  0.19245416 -1.13922184 -0.12096491 -1.83093568  0.48434771\n",
      "   1.34639617  0.51996348 -0.64903142  0.03477882 -1.21808868 -1.2723341\n",
      "   0.41379213  1.76598512]\n",
      " [-0.80376331 -0.15231054  0.13718419  0.10753838  0.84734585 -1.13399284\n",
      "   0.19245416  1.39791591 -0.22862155  1.12810583 -0.08308729  1.31359799\n",
      "   0.7312104   0.26175826  0.19618177  0.1168475  -0.49241328  0.22987698\n",
      "   0.55000622 -0.2681605 ]\n",
      " [-0.72832798 -0.13105484 -0.29644186 -0.42979829  0.6177856  -0.43832965\n",
      "  -1.13922184 -0.22862155  1.71433997 -0.24154137  0.58653415 -0.68329064\n",
      "  -0.78200713 -0.95440224 -1.24541612  0.87638183  0.30002411  1.04993615\n",
      "   0.06402885 -1.02979185]\n",
      " [-0.36103137  0.39476067  0.6090136   0.93722119  0.96034344 -1.09045574\n",
      "  -0.12096491  1.12810583 -0.24154137  1.33098405  0.36373752  1.2181674\n",
      "   0.21530803  0.3597314   0.02312553 -0.65649992 -0.06640862  0.08577997\n",
      "   0.02705035 -0.04165227]\n",
      " [-0.46694152  0.46108835 -0.30187807  0.95901228  0.60319084 -0.17784283\n",
      "  -1.83093568 -0.08308729  0.58653415  0.36373752  1.42035644 -0.15739581\n",
      "  -1.03742224 -0.17138758  0.46182603 -0.51583266  0.96539041  0.72292704\n",
      "  -0.49611308 -1.00255201]\n",
      " [-0.0370903  -0.00672319  0.48729908  0.38105265  0.46815757 -1.08334347\n",
      "   0.48434771  1.31359799 -0.68329064  1.2181674  -0.15739581  1.57704631\n",
      "   0.77925272  0.25484489  0.20830319 -0.58337079 -0.34271494 -0.48569062\n",
      "  -0.09070363  0.24447753]\n",
      " [-0.07632494 -0.48783475  0.05440945 -0.67574735 -0.18651699 -0.24912419\n",
      "   1.34639617  0.7312104  -0.78200713  0.21530803 -1.03742224  0.77925272\n",
      "   1.17915589  0.3564084   0.24233117  0.39839135 -0.88917098 -0.46836986\n",
      "   0.62761727  0.52697033]\n",
      " [-0.24745505  0.35302148  0.20242778  0.66590281  0.21931931  0.27334948\n",
      "   0.51996348  0.26175826 -0.95440224  0.3597314  -0.17138758  0.25484489\n",
      "   0.3564084   1.08986766  0.95954403 -0.30289274 -0.30495696  0.05546663\n",
      "   0.68167684  0.41191664]\n",
      " [-0.65640326 -0.10978286 -1.09517267  0.35808405 -0.25025892  0.74052086\n",
      "  -0.64903142  0.19618177 -1.24541612  0.02312553  0.46182603  0.20830319\n",
      "   0.24233117  0.95954403  2.70195115 -0.19363776  0.24817384  0.22457246\n",
      "   0.44386727 -0.55987311]\n",
      " [-1.3850298  -0.86429799 -0.99416321 -1.53358022  0.22574026  0.03974967\n",
      "   0.03477882  0.1168475   0.87638183 -0.65649992 -0.51583266 -0.58337079\n",
      "   0.39839135 -0.30289274 -0.19363776  1.99118949 -0.68231829  1.11645237\n",
      "   1.39897144 -0.88179391]\n",
      " [ 0.29348919  0.35344723 -0.14692586  0.65119927 -0.06426486  0.20084766\n",
      "  -1.21808868 -0.49241328  0.30002411 -0.06640862  0.96539041 -0.34271494\n",
      "  -0.88917098 -0.30495696  0.24817384 -0.68231829  0.89663319  0.05704547\n",
      "  -0.87389496 -0.42307227]\n",
      " [-1.75082471 -0.04694636 -0.75053261 -0.04220908  1.07972587 -0.22617754\n",
      "  -1.2723341   0.22987698  1.04993615  0.08577997  0.72292704 -0.48569062\n",
      "  -0.46836986  0.05546663  0.22457246  1.11645237  0.05704547  1.72050696\n",
      "   1.13138308 -1.38353524]\n",
      " [-1.54175925 -0.33689617 -0.50240766 -0.56534216  0.68556602 -0.03085295\n",
      "   0.41379213  0.55000622  0.06402885  0.02705035 -0.49611308 -0.09070363\n",
      "   0.62761727  0.68167684  0.44386727  1.39897144 -0.87389496  1.13138308\n",
      "   1.83508125 -0.45627776]\n",
      " [ 1.48783166  0.30910206  1.12090639  0.24958902 -0.71976689  0.30801086\n",
      "   1.76598512 -0.2681605  -1.02979185 -0.04165227 -1.00255201  0.24447753\n",
      "   0.52697033  0.41191664 -0.55987311 -0.88179391 -0.42307227 -1.38353524\n",
      "  -0.45627776  1.68774401]]\n"
     ]
    }
   ],
   "source": [
    "mat = np.random.uniform(-1,1,(5,20))\n",
    "G = mat.T.dot(mat)\n",
    "print(G)"
   ]
  },
  {
   "cell_type": "code",
   "execution_count": 37,
   "metadata": {},
   "outputs": [
    {
     "name": "stdout",
     "output_type": "stream",
     "text": [
      "False\n"
     ]
    }
   ],
   "source": [
    "def is_pos_def(x):\n",
    "    return np.all(np.linalg.eigvals(x) > 0)\n",
    "\n",
    "print(is_pos_def(G))"
   ]
  },
  {
   "cell_type": "code",
   "execution_count": 74,
   "metadata": {},
   "outputs": [],
   "source": [
    "import pandas as pd\n",
    "na_values = ['?', '']\n",
    "fields = ['Date', 'Time', 'Global_active_power', 'Global_reactive_power', 'Voltage', 'Global_intensity', 'Sub_metering_1']\n",
    "df = pd.read_csv('/Users/maelfabien/household.txt', sep = ';', na_values = na_values, usecols = fields)"
   ]
  },
  {
   "cell_type": "code",
   "execution_count": 76,
   "metadata": {},
   "outputs": [
    {
     "data": {
      "text/html": [
       "<div>\n",
       "<style scoped>\n",
       "    .dataframe tbody tr th:only-of-type {\n",
       "        vertical-align: middle;\n",
       "    }\n",
       "\n",
       "    .dataframe tbody tr th {\n",
       "        vertical-align: top;\n",
       "    }\n",
       "\n",
       "    .dataframe thead th {\n",
       "        text-align: right;\n",
       "    }\n",
       "</style>\n",
       "<table border=\"1\" class=\"dataframe\">\n",
       "  <thead>\n",
       "    <tr style=\"text-align: right;\">\n",
       "      <th></th>\n",
       "      <th>Date</th>\n",
       "      <th>Time</th>\n",
       "      <th>Global_active_power</th>\n",
       "      <th>Global_reactive_power</th>\n",
       "      <th>Voltage</th>\n",
       "      <th>Global_intensity</th>\n",
       "      <th>Sub_metering_1</th>\n",
       "    </tr>\n",
       "  </thead>\n",
       "  <tbody>\n",
       "    <tr>\n",
       "      <th>0</th>\n",
       "      <td>16/12/2006</td>\n",
       "      <td>17:24:00</td>\n",
       "      <td>4.216</td>\n",
       "      <td>0.418</td>\n",
       "      <td>234.84</td>\n",
       "      <td>18.4</td>\n",
       "      <td>0.0</td>\n",
       "    </tr>\n",
       "    <tr>\n",
       "      <th>1</th>\n",
       "      <td>16/12/2006</td>\n",
       "      <td>17:25:00</td>\n",
       "      <td>5.360</td>\n",
       "      <td>0.436</td>\n",
       "      <td>233.63</td>\n",
       "      <td>23.0</td>\n",
       "      <td>0.0</td>\n",
       "    </tr>\n",
       "    <tr>\n",
       "      <th>2</th>\n",
       "      <td>16/12/2006</td>\n",
       "      <td>17:26:00</td>\n",
       "      <td>5.374</td>\n",
       "      <td>0.498</td>\n",
       "      <td>233.29</td>\n",
       "      <td>23.0</td>\n",
       "      <td>0.0</td>\n",
       "    </tr>\n",
       "    <tr>\n",
       "      <th>3</th>\n",
       "      <td>16/12/2006</td>\n",
       "      <td>17:27:00</td>\n",
       "      <td>5.388</td>\n",
       "      <td>0.502</td>\n",
       "      <td>233.74</td>\n",
       "      <td>23.0</td>\n",
       "      <td>0.0</td>\n",
       "    </tr>\n",
       "    <tr>\n",
       "      <th>4</th>\n",
       "      <td>16/12/2006</td>\n",
       "      <td>17:28:00</td>\n",
       "      <td>3.666</td>\n",
       "      <td>0.528</td>\n",
       "      <td>235.68</td>\n",
       "      <td>15.8</td>\n",
       "      <td>0.0</td>\n",
       "    </tr>\n",
       "  </tbody>\n",
       "</table>\n",
       "</div>"
      ],
      "text/plain": [
       "         Date      Time  Global_active_power  Global_reactive_power  Voltage  \\\n",
       "0  16/12/2006  17:24:00                4.216                  0.418   234.84   \n",
       "1  16/12/2006  17:25:00                5.360                  0.436   233.63   \n",
       "2  16/12/2006  17:26:00                5.374                  0.498   233.29   \n",
       "3  16/12/2006  17:27:00                5.388                  0.502   233.74   \n",
       "4  16/12/2006  17:28:00                3.666                  0.528   235.68   \n",
       "\n",
       "   Global_intensity  Sub_metering_1  \n",
       "0              18.4             0.0  \n",
       "1              23.0             0.0  \n",
       "2              23.0             0.0  \n",
       "3              23.0             0.0  \n",
       "4              15.8             0.0  "
      ]
     },
     "execution_count": 76,
     "metadata": {},
     "output_type": "execute_result"
    }
   ],
   "source": [
    "df.head()"
   ]
  },
  {
   "cell_type": "code",
   "execution_count": 78,
   "metadata": {},
   "outputs": [],
   "source": [
    "null_data = df[df.isnull().any(axis=1)]"
   ]
  },
  {
   "cell_type": "code",
   "execution_count": 80,
   "metadata": {},
   "outputs": [
    {
     "name": "stdout",
     "output_type": "stream",
     "text": [
      "129895\n"
     ]
    }
   ],
   "source": [
    "print(str(df.isnull().sum().sum()))"
   ]
  },
  {
   "cell_type": "code",
   "execution_count": 82,
   "metadata": {},
   "outputs": [
    {
     "name": "stdout",
     "output_type": "stream",
     "text": [
      "25979\n"
     ]
    }
   ],
   "source": [
    "print(null_data.shape[0])"
   ]
  },
  {
   "cell_type": "code",
   "execution_count": 84,
   "metadata": {},
   "outputs": [],
   "source": [
    "df['Sub_metering_1'] = df['Sub_metering_1']*60./1000."
   ]
  },
  {
   "cell_type": "code",
   "execution_count": 86,
   "metadata": {},
   "outputs": [
    {
     "data": {
      "text/html": [
       "<div>\n",
       "<style scoped>\n",
       "    .dataframe tbody tr th:only-of-type {\n",
       "        vertical-align: middle;\n",
       "    }\n",
       "\n",
       "    .dataframe tbody tr th {\n",
       "        vertical-align: top;\n",
       "    }\n",
       "\n",
       "    .dataframe thead th {\n",
       "        text-align: right;\n",
       "    }\n",
       "</style>\n",
       "<table border=\"1\" class=\"dataframe\">\n",
       "  <thead>\n",
       "    <tr style=\"text-align: right;\">\n",
       "      <th></th>\n",
       "      <th>Date</th>\n",
       "      <th>Time</th>\n",
       "      <th>Global_active_power</th>\n",
       "      <th>Global_reactive_power</th>\n",
       "      <th>Voltage</th>\n",
       "      <th>Global_intensity</th>\n",
       "      <th>Sub_metering_1</th>\n",
       "    </tr>\n",
       "  </thead>\n",
       "  <tbody>\n",
       "    <tr>\n",
       "      <th>0</th>\n",
       "      <td>16/12/2006</td>\n",
       "      <td>17:24:00</td>\n",
       "      <td>4.216</td>\n",
       "      <td>0.418</td>\n",
       "      <td>234.84</td>\n",
       "      <td>18.4</td>\n",
       "      <td>0.0</td>\n",
       "    </tr>\n",
       "    <tr>\n",
       "      <th>1</th>\n",
       "      <td>16/12/2006</td>\n",
       "      <td>17:25:00</td>\n",
       "      <td>5.360</td>\n",
       "      <td>0.436</td>\n",
       "      <td>233.63</td>\n",
       "      <td>23.0</td>\n",
       "      <td>0.0</td>\n",
       "    </tr>\n",
       "    <tr>\n",
       "      <th>2</th>\n",
       "      <td>16/12/2006</td>\n",
       "      <td>17:26:00</td>\n",
       "      <td>5.374</td>\n",
       "      <td>0.498</td>\n",
       "      <td>233.29</td>\n",
       "      <td>23.0</td>\n",
       "      <td>0.0</td>\n",
       "    </tr>\n",
       "    <tr>\n",
       "      <th>3</th>\n",
       "      <td>16/12/2006</td>\n",
       "      <td>17:27:00</td>\n",
       "      <td>5.388</td>\n",
       "      <td>0.502</td>\n",
       "      <td>233.74</td>\n",
       "      <td>23.0</td>\n",
       "      <td>0.0</td>\n",
       "    </tr>\n",
       "    <tr>\n",
       "      <th>4</th>\n",
       "      <td>16/12/2006</td>\n",
       "      <td>17:28:00</td>\n",
       "      <td>3.666</td>\n",
       "      <td>0.528</td>\n",
       "      <td>235.68</td>\n",
       "      <td>15.8</td>\n",
       "      <td>0.0</td>\n",
       "    </tr>\n",
       "    <tr>\n",
       "      <th>5</th>\n",
       "      <td>16/12/2006</td>\n",
       "      <td>17:29:00</td>\n",
       "      <td>3.520</td>\n",
       "      <td>0.522</td>\n",
       "      <td>235.02</td>\n",
       "      <td>15.0</td>\n",
       "      <td>0.0</td>\n",
       "    </tr>\n",
       "    <tr>\n",
       "      <th>6</th>\n",
       "      <td>16/12/2006</td>\n",
       "      <td>17:30:00</td>\n",
       "      <td>3.702</td>\n",
       "      <td>0.520</td>\n",
       "      <td>235.09</td>\n",
       "      <td>15.8</td>\n",
       "      <td>0.0</td>\n",
       "    </tr>\n",
       "    <tr>\n",
       "      <th>7</th>\n",
       "      <td>16/12/2006</td>\n",
       "      <td>17:31:00</td>\n",
       "      <td>3.700</td>\n",
       "      <td>0.520</td>\n",
       "      <td>235.22</td>\n",
       "      <td>15.8</td>\n",
       "      <td>0.0</td>\n",
       "    </tr>\n",
       "    <tr>\n",
       "      <th>8</th>\n",
       "      <td>16/12/2006</td>\n",
       "      <td>17:32:00</td>\n",
       "      <td>3.668</td>\n",
       "      <td>0.510</td>\n",
       "      <td>233.99</td>\n",
       "      <td>15.8</td>\n",
       "      <td>0.0</td>\n",
       "    </tr>\n",
       "    <tr>\n",
       "      <th>9</th>\n",
       "      <td>16/12/2006</td>\n",
       "      <td>17:33:00</td>\n",
       "      <td>3.662</td>\n",
       "      <td>0.510</td>\n",
       "      <td>233.86</td>\n",
       "      <td>15.8</td>\n",
       "      <td>0.0</td>\n",
       "    </tr>\n",
       "    <tr>\n",
       "      <th>10</th>\n",
       "      <td>16/12/2006</td>\n",
       "      <td>17:34:00</td>\n",
       "      <td>4.448</td>\n",
       "      <td>0.498</td>\n",
       "      <td>232.86</td>\n",
       "      <td>19.6</td>\n",
       "      <td>0.0</td>\n",
       "    </tr>\n",
       "    <tr>\n",
       "      <th>11</th>\n",
       "      <td>16/12/2006</td>\n",
       "      <td>17:35:00</td>\n",
       "      <td>5.412</td>\n",
       "      <td>0.470</td>\n",
       "      <td>232.78</td>\n",
       "      <td>23.2</td>\n",
       "      <td>0.0</td>\n",
       "    </tr>\n",
       "    <tr>\n",
       "      <th>12</th>\n",
       "      <td>16/12/2006</td>\n",
       "      <td>17:36:00</td>\n",
       "      <td>5.224</td>\n",
       "      <td>0.478</td>\n",
       "      <td>232.99</td>\n",
       "      <td>22.4</td>\n",
       "      <td>0.0</td>\n",
       "    </tr>\n",
       "    <tr>\n",
       "      <th>13</th>\n",
       "      <td>16/12/2006</td>\n",
       "      <td>17:37:00</td>\n",
       "      <td>5.268</td>\n",
       "      <td>0.398</td>\n",
       "      <td>232.91</td>\n",
       "      <td>22.6</td>\n",
       "      <td>0.0</td>\n",
       "    </tr>\n",
       "    <tr>\n",
       "      <th>14</th>\n",
       "      <td>16/12/2006</td>\n",
       "      <td>17:38:00</td>\n",
       "      <td>4.054</td>\n",
       "      <td>0.422</td>\n",
       "      <td>235.24</td>\n",
       "      <td>17.6</td>\n",
       "      <td>0.0</td>\n",
       "    </tr>\n",
       "    <tr>\n",
       "      <th>15</th>\n",
       "      <td>16/12/2006</td>\n",
       "      <td>17:39:00</td>\n",
       "      <td>3.384</td>\n",
       "      <td>0.282</td>\n",
       "      <td>237.14</td>\n",
       "      <td>14.2</td>\n",
       "      <td>0.0</td>\n",
       "    </tr>\n",
       "    <tr>\n",
       "      <th>16</th>\n",
       "      <td>16/12/2006</td>\n",
       "      <td>17:40:00</td>\n",
       "      <td>3.270</td>\n",
       "      <td>0.152</td>\n",
       "      <td>236.73</td>\n",
       "      <td>13.8</td>\n",
       "      <td>0.0</td>\n",
